totalFlow=4499.999999999998
maxCongestion=0.9999999999999999
avgSpeed=17.39130434782609
avgTravelTime=0.057499999999999996
avgDelay=0.007499999999999993
avgDist=1000.0
